SNP T1 T2 T3 T4 T5 T6 T7 T8 T9 T10
rs1 -0.0189887 -0.0114909 -0.004904 0.0095277 0.0066478 -0.0055631 0.0059733 0.0139562 0.0074984 0.0076807
rs2 -0.0027834 0.0083511 -0.0020957 -0.0042559 0.0020824 0.0034545 -0.0008044 0.0035448 0.0036225 0.0048438
rs3 0.0185102 0.0249935 -0.0150474 0.0115717 -0.018847 0.0201273 0.0086632 -0.0002459 -0.0213836 -0.0173391
rs4 -0.0101296 -0.0066074 0.0082287 -0.0126139 0.0016081 -0.013314 -0.009794 -0.0046827 0.0126869 0.0148627
rs5 -0.0057593 0.0056224 -0.0014009 0.0134379 -0.0093673 0.0070403 0.0092511 0.0056039 -0.0067317 -0.0038059
rs6 0.0114715 0.0196936 -0.0086879 0.0133801 -0.0035745 0.0298305 0.0105272 -0.0013469 -0.008167 -0.0210986
rs7 0.0076499 0.0128166 -0.0021238 0.0056922 -0.0059666 0.0090393 0.0008239 0.0015549 -0.0039307 -0.0009681
rs8 0.0014999 0.0052817 0.0019581 -0.0036701 -0.0038208 0.0014039 -0.0027811 -0.0025537 0.0002384 -0.0020142
rs9 -0.0314538 0.0328665 -0.0231071 0.0398203 -0.0271204 0.0452062 0.0311859 -0.0004186 -0.0252164 -0.0518016
rs10 -0.0033047 0.0182037 -0.0078277 0.0194203 -0.0078598 0.0203734 0.0104441 0.0013124 -0.0163034 -0.0225602
rs11 -0.002815 0.0058274 -0.0078574 0.0092827 0.0021707 0.0145423 0.0104349 0.0105259 -1.24e-05 0.009644
rs12 0.0061413 0.001281 0.0046925 -0.0028795 -0.0021336 -0.0010745 -0.0024282 -0.0014821 0.0007933 -0.0003924
rs13 0.0034209 0.0246122 -0.0067167 0.0088158 -0.0053893 0.0165449 0.0062023 0.0042458 -0.0089063 -0.0081575
rs14 -0.0049935 0.0241783 -0.0188862 0.0250501 -0.0237791 0.0265526 0.0162651 0.0002807 -0.0227666 -0.0344248
rs15 -0.0070758 0.0131696 -0.0137308 0.0120453 -0.0109244 0.0107852 0.0115289 0.0020975 -0.0145107 -0.0187341
rs16 -0.0018161 0.0172802 -0.0053003 0.0010321 -0.0112477 0.0060549 0.0023385 -0.0071004 -0.0080698 -0.002599
rs17 0.0019799 -0.0061554 -0.0009861 0.0131363 -0.0059248 0.0104938 0.0076978 -0.0002597 -0.0074605 -0.0075252
rs18 0.0087664 0.0008634 0.0018675 0.0029472 0.0023787 0.002424 0.0047203 0.0043401 0.0041984 0.0015905
rs19 -0.0199891 -0.0236073 0.022647 -0.0363183 0.0218737 -0.0340027 -0.0193178 -0.0090097 0.021621 0.0301339
rs20 0.0007364 0.0004614 0.0077602 -0.0155403 0.005651 -0.0154958 -0.0089555 -0.0040971 0.0141668 0.0192447
rs21 -0.0050401 -0.0025769 0.0147787 -0.0101584 0.0051485 -0.0062567 -0.003482 0.0026483 0.0084239 0.0183923
rs22 -0.0040536 0.0036822 -0.00132 -0.0030505 0.0018415 0.003812 -0.0012693 -0.005036 0.0024251 -0.0025017
rs23 -0.0026475 -0.0012769 0.0011787 -0.0129163 -0.0004317 -0.0033846 -0.0094628 -0.0144621 0.0084367 0.0069497
rs24 0.008835 0.0046184 -0.0001854 -0.0019467 0.0011986 0.0047506 -0.0011609 -0.0068995 0.0041432 -0.0028606
rs25 -0.0034202 0.0163945 -0.0108938 0.0134452 -0.0127217 0.0122291 0.0077433 0.0007249 -0.0121283 -0.0150625
rs26 0.0058823 -0.0014289 0.0006662 -0.0025367 0.002734 -0.0007101 -0.004898 0.0019152 0.0009259 0.0016501
rs27 0.004277 -0.0086131 -0.0027766 0.0054902 0.0041097 0.0016323 0.0017968 -0.0010868 -0.0024135 -0.0072841
rs28 6.92e-05 -0.0052315 -0.0027174 0.0061285 0.0030656 0.0003573 -0.0008036 0.0070381 -0.0041989 0.0074369
rs29 -0.0044285 -0.0055833 0.0177831 -0.0218792 0.0076824 -0.0184236 -0.0159965 -0.0093316 0.0145554 0.0171231
rs30 -0.0028464 0.0053795 0.0088914 -0.0111691 0.0214641 0.0031711 0.0015398 0.0108147 0.0060989 0.0088983
rs31 -0.0232179 0.0092514 0.007888 0.0016342 0.0080615 0.0126157 0.0029877 0.0064277 -0.0003478 0.0065298
rs32 -0.0205449 -0.0011578 -0.0021117 -0.0021085 0.0004327 0.001324 -0.0014214 -0.0055649 -0.0035221 -0.0009938
rs33 0.0210268 -0.0016333 0.0027927 -0.0045869 0.0004258 -0.003347 -0.0021477 -0.000247 -0.002974 0.0018598
rs34 -0.001389 -0.0100997 -0.0044796 0.0098879 -0.0014218 0.0042225 0.0076892 0.0034749 -0.0044922 -0.0067327
rs35 0.0062063 -0.0037743 0.000295 -0.0028568 -0.0106831 -0.0068918 -0.001062 -0.0042985 0.0050907 0.0067586
rs36 0.0140074 -0.014762 0.0171605 -0.0239251 0.0196901 -0.0209527 -0.0175167 -0.0053268 0.0093954 0.0223291
rs37 -0.0168415 0.0086205 -0.0038128 0.000822 0.0024389 0.0040097 0.004374 0.0014985 -0.0045462 -0.0110133
rs38 -0.0014709 0.0043345 -0.0032766 -0.0013808 -0.0037756 -0.0004257 -0.0009579 -0.0016103 -0.0006525 0.0074055
rs39 0.0063204 0.0001613 0.0051399 -0.0128559 0.0097988 -0.0097405 -0.0121137 -0.0034976 0.0018285 0.0084285
rs40 0.0054136 0.0001937 0.0132128 -0.0125847 0.0095653 -0.0104674 -0.0060816 -0.0005914 0.0125924 0.0190099
rs41 0.0013357 0.0213731 -0.0100116 0.0097361 -0.0105118 0.0125051 0.0057017 -1.57e-05 -0.0034581 -0.0149845
rs42 -0.0203062 0.0071176 0.0035581 -0.0010504 -0.0007036 0.0032415 0.001615 -0.0049493 -0.0026719 0.0017875
rs43 0.0079314 0.0053567 -0.000899 -0.0094104 -0.0003438 0.006927 -0.0086933 -0.0071027 -0.0035214 -0.0054392
rs44 -0.0187975 0.0015249 -0.0108054 0.0071247 -0.0008671 0.0047227 0.0071568 -0.0017034 -0.0059023 -0.0072239
rs45 0.0063622 0.0035743 0.0020323 -0.005382 -0.0023006 -0.0116619 -0.0082786 -0.0043315 0.0038376 -0.0050567
rs46 -0.0007113 -0.0068477 -0.0029952 -0.014381 -0.0108833 -0.0105807 -0.0080871 -0.0132251 -0.0056008 0.0081736
rs47 -0.0024651 0.0112323 -0.00439 0.0165468 -0.0083151 0.0113824 0.0093703 0.0060658 -0.0045609 -0.0093971
rs48 -0.0053474 -0.0194835 -0.0007115 0.0034389 0.005095 -0.0054357 0.0025624 0.003477 0.0077474 -0.0005348
rs49 -0.004767 -0.0026279 -0.0011282 0.001019 0.0095601 0.0092175 0.0020301 0.0020489 -0.0061507 0.0046304
rs50 -0.0031676 -0.004362 0.0050819 -0.0102741 0.015365 -0.0113464 -0.0065007 -0.0025676 0.00508 0.0084783
rs51 0.0156502 -0.0020738 0.0011838 -0.0073843 0.0087683 -0.0015707 -0.006646 -0.0005134 0.0078307 0.0041668
rs52 -0.0036584 -0.0099793 -0.0032961 -0.0001238 -0.0006155 -0.0033211 -0.0007412 0.0007412 -0.0017461 0.0041197
rs53 -0.0057872 0.0102194 -0.0114548 0.0124931 -0.0094443 0.0086188 0.0075251 0.0051539 -0.0070052 -0.0116072
rs54 0.0061494 0.0050878 -0.0026363 0.0055217 0.0019991 0.0044106 0.0051593 0.0054342 -0.0019017 -0.0070644
rs55 0.0058915 0.0090407 -0.0050998 0.0112366 -0.0032948 0.0116463 0.0065883 0.0040729 -0.0162646 -0.010399
rs56 -0.0189819 -0.0150931 0.0027471 -0.0125659 0.0086064 -0.0154003 -0.0123976 0.0012799 0.0081869 0.0134738
rs57 -0.0058424 0.003525 -0.0013277 0.0047244 -0.0058814 0.0075827 0.0035081 0.0005406 -0.0072239 -0.0021793
rs58 -0.0066781 -0.0005859 0.0053163 0.005862 0.0115911 0.0078152 0.0095288 0.0139214 -0.0129483 -0.0082804
rs59 0.0047718 0.0146569 -0.0064578 0.0229449 -0.0074221 0.0220415 0.0146842 0.0064428 -0.0115804 -0.0220016
rs60 -0.0014815 0.0020912 0.0012071 7.93e-05 -0.0108182 0.0015603 -0.0011469 -0.0045541 -0.0025969 -0.0093178
rs61 -0.0109296 0.0196691 -0.0032794 0.0065965 -0.010855 0.0040378 -0.0018485 -0.0009241 0.0055613 -0.0059462
rs62 0.0055637 0.0101206 -0.0018963 -0.0059548 0.0043991 0.0034517 -0.0039365 -0.0016744 -0.0016155 0.0030188
rs63 -0.0061176 -0.0231907 0.0111738 0.0017286 0.0059468 -0.0099512 0.0007524 0.0057791 0.0026047 0.0166533
rs64 0.0065708 -0.0092494 -0.0084047 -0.0024392 -0.0137452 -0.0116281 0.0012655 -0.0022463 -0.0134308 0.0037523
rs65 -0.0412229 -0.0004787 0.0041495 -0.0076152 -0.0138179 -0.0108214 -0.0037305 -0.0157207 -0.0008305 -0.004581
rs66 0.0117304 -0.018308 0.0191757 -0.0250086 0.0078003 -0.0281242 -0.0169336 -0.0063856 0.0097651 0.0204432
rs67 0.0027116 -0.0075572 0.0084392 -0.021743 0.0052817 -0.0204999 -0.0165333 -0.0025697 0.0120078 0.0281942
rs68 -0.0082533 0.0055247 -0.0036563 -0.0139257 -0.0068725 -0.0136405 -0.0131822 -0.0112685 0.0014622 -0.0080667
rs69 0.0037415 -0.0112757 0.0054575 -0.0078335 0.0022321 -0.0103889 -0.0065291 -0.0039651 0.0097448 0.0006555
rs70 0.0041222 0.0028084 -0.0136463 0.0021493 -0.0054601 0.0035215 -0.0034771 0.0014874 -0.0029865 -0.0071992
rs71 -0.0139675 -0.0046579 0.0038884 -0.0137409 -0.0061523 -0.0230363 -0.015557 -0.0090245 0.0130238 0.0178972
rs72 0.0074172 0.0091033 -0.0007541 -0.0043083 -0.0033755 -0.0041752 -0.0032236 0.0001075 0.0001511 0.0025593
rs73 0.0041158 0.01026 -0.0054649 0.0148075 -0.0136927 0.0144527 0.0073514 0.0038286 -0.0123658 -0.0177359
rs74 0.0045886 0.0039775 -0.0028088 -0.0032089 0.001031 -0.0011131 9.7e-05 -0.0019152 0.0043472 0.0011358
rs75 -0.0201268 0.0093325 -0.0079257 0.019959 -0.0177944 0.0150214 0.0136566 0.0002924 -0.0028336 -0.0131975
rs76 -0.0285693 -0.010744 0.0065648 -0.0142127 0.0079438 -0.0178788 -0.0068291 0.002376 0.017438 0.0202608
rs77 0.0003056 -0.0008317 0.0024259 -0.0065717 0.0108613 -0.0016209 -0.0018641 0.0024643 0.0089576 0.0056987
rs78 -0.0021246 4.92e-05 0.0066739 0.0092328 0.0014472 0.0056174 0.0075916 0.0058693 -0.0027754 0.0096624
rs79 -0.007176 0.0093182 -0.0043515 0.0030904 -0.0003489 0.0022421 0.0020486 -0.0010362 0.0013392 -0.006864
rs80 -0.0002241 0.0190334 -0.0021793 0.0044906 -0.0074094 0.0033287 0.0004189 -0.0026166 -0.0166976 0.0039819
rs81 -0.0248958 -0.0201819 0.0123573 -0.0118009 0.0062111 -0.014197 -0.0087257 -0.0009165 0.0133348 0.0046983
rs82 0.0064271 -0.0033086 0.0021325 -0.0054592 -0.0011652 -0.0005976 -0.0004882 -0.0063555 -0.0058904 -0.0007699
rs83 -0.0019168 0.0001549 0.0099595 -0.0079651 0.0135091 -0.0080167 -0.0086998 0.0183407 -0.0043916 0.0199175
rs84 0.005849 0.0128152 -0.0018049 0.0126326 -0.001361 0.0153421 0.0152578 0.0054311 -0.0117642 -0.0160618
rs85 0.0199151 -0.0261462 0.0305994 -0.0174262 0.0119095 -0.0165688 -0.0079849 -0.0010294 -0.0002633 0.021174
rs86 0.0176584 0.0059659 -0.0074195 -0.0026834 -0.0096196 -0.000489 -0.0025376 -0.0061174 -0.0072737 -0.009854
rs87 0.0042603 -0.0036708 -0.0010723 -0.00647 0.0043091 -0.0033333 -0.0040195 -0.0081137 0.0062529 0.0027684
rs88 0.0063472 -0.0038918 -0.0022258 -0.0003738 -0.000286 -0.0021397 0.0007766 0.0020016 0.0011438 -0.0012341
rs89 0.0035739 0.0132116 -0.0090979 0.0167065 -0.0026503 0.0199226 0.0109896 0.0116498 -0.0125464 -0.0101117
rs90 0.0010609 0.0067914 0.0036985 0.0065342 -0.0022395 0.0101347 0.0029347 0.0067523 -0.0194275 -0.0128977
rs91 -0.0215779 0.0090752 -0.0038451 0.0046386 -0.0046115 0.0065775 0.0048098 0.0050179 -0.0007055 -0.0054074
rs92 -0.0084272 0.0068872 -0.0083719 0.0029692 0.0076268 0.0065559 0.0017637 0.0053908 0.0011198 0.0115227
rs93 0.0027845 -0.0074442 0.0084082 -0.0159995 0.0049152 -0.0186721 -0.0123457 -0.0044788 0.0115764 0.0133396
rs94 -0.0039663 -0.0071432 0.0087763 -0.0203091 0.0113242 -0.0098741 -0.0107207 -0.0090689 0.0089682 0.009189
rs95 -0.0063799 0.008068 -0.0025198 0.0120373 -0.0029596 0.0118338 0.0112986 0.008286 -0.0047871 -0.0065381
rs96 0.022351 -0.0285023 0.0203595 -0.0256559 0.0198544 -0.0291496 -0.0151843 -0.0009521 0.0169132 0.0226316
rs97 -0.0053102 0.0270427 -0.0244156 0.0248498 -0.0200452 0.0221384 0.0159589 -0.0056362 -0.0094522 -0.0273106
rs98 0.0021463 0.008464 -0.0032286 -0.0043875 -0.0089086 -0.0038547 -0.002673 -0.0003142 0.0068281 0.0032893
rs99 0.0031733 -0.0003151 -0.0150328 0.0216019 -0.0118683 0.013121 0.0124106 0.0024551 -0.0110985 -0.0208004
rs100 -0.0010793 -0.0136243 0.0101636 -0.011231 0.0079468 -0.0143223 -0.0102494 -0.0039385 0.0019479 0.0103372
